0,310
0,305
0,308
0,307
0,302
0,304
0,303
0,12
0,10
0,8
0,0
0,513
0,419
0,300
0,512
0,418
0,299
0,514
0,417
0,298
0,510
0,416
0,297
0,509
0,415
0,296
0,511
0,414
0,295
0,507
0,413
0,294
0,506
0,412
0,293
0,508
0,411
0,292
0,504
0,410
0,291
0,503
0,409
0,290
0,505
0,407
0,289
0,501
0,406
0,288
0,500
0,405
0,287
0,502
0,404
0,286
0,498
0,403
0,285
0,497
0,402
0,284
0,499
0,401
0,283
0,495
0,400
0,282
0,493
0,399
0,281
0,496
0,398
0,280
0,491
0,397
0,279
0,490
0,396
0,278
0,492
0,395
0,277
0,394
0,276
0,393
0,275
0,392
0,274
0,391
0,273
0,561
0,390
0,272
0,560
0,389
0,271
0,562
0,388
0,270
0,558
0,387
0,269
0,557
0,386
0,268
0,559
0,385
0,267
0,556
0,384
0,266
0,538
0,383
0,265
0,489
0,382
0,264
0,488
0,381
0,263
0,487
0,380
0,262
0,486
0,379
0,261
0,485
0,378
0,260
0,484
0,377
0,259
0,537
0,376
0,258
0,554
0,375
0,257
0,553
0,374
0,256
0,555
0,373
0,255
0,552
0,372
0,254
0,536
0,371
0,253
0,535
0,370
0,252
0,550
0,369
0,251
0,549
0,368
0,250
0,551
0,475
0,249
0,548
0,367
0,248
0,474
0,366
0,247
0,473
0,365
0,246
0,534
0,364
0,245
0,533
0,472
0,244
0,547
0,471
0,242
0,546
0,363
0,241
0,545
0,362
0,240
0,470
0,361
0,239
0,408
3,0
3,3
47,0
47,2
47,3
48,1
48,3
48,4
49,1
49,2
49,4
49,5
50,1
50,3
50,4
50,6
51,0
51,2
52,0
52,1
52,3
53,0
53,2
53,3
54,0
54,2
54,3
55,1
55,2
56,0
56,2
56,3
57,1
57,2
58,0
58,2
58,3
59,1
59,2
60,0
60,1
60,3
61,1
61,2
62,0
62,1
62,3
63,1
63,2
64,0
64,1
64,3
65,0
65,2
66,0
66,1
66,3
69,0
69,2
69,4
69,5
72,1
72,2
72,4
72,5
72,3
72,0
69,3
69,1
66,2
65,3
65,1
64,2
63,3
63,0
62,2
61,3
61,0
60,2
59,3
59,0
58,1
57,3
57,0
56,1
55,3
55,0
54,1
53,4
53,1
52,2
51,3
51,1
50,5
50,2
50,0
49,3
49,0
48,2
48,0
47,1
3,1
0,494
0,322
0,243
1,1
1,3
1,0
2,1
2,3
2,0
0,9
0,469
0,360
0,238
0,543
0,359
0,237
0,544
0,358
0,236
0,542
0,357
0,235
0,541
0,356
0,234
0,532
0,355
0,233
0,467
0,354
0,232
0,466
0,353
0,231
0,468
0,352
0,230
0,465
0,464
0,229
0,463
0,351
0,228
0,462
0,350
0,227
0,461
0,349
0,226
0,460
0,348
0,225
0,459
0,458
0,224
0,540
0,483
0,223
0,531
0,347
0,222
0,457
0,346
0,221
0,456
0,345
0,220
0,539
0,344
0,219
0,482
0,454
0,218
0,481
0,453
0,217
0,455
0,343
0,216
0,452
0,342
0,215
0,451
0,341
0,214
0,450
0,340
0,213
0,449
0,448
0,212
0,447
0,446
0,211
0,445
0,339
0,210
0,529
0,338
0,209
0,530
0,337
0,208
0,444
0,336
0,207
0,443
0,335
0,206
0,528
0,334
0,205
0,527
0,442
0,204
0,526
0,333
0,203
0,441
0,332
0,202
0,440
0,331
0,201
0,438
0,330
0,200
0,480
0,437
0,199
0,479
0,439
0,198
0,436
0,329
0,197
0,435
0,328
0,196
0,434
0,327
0,195
0,433
0,326
0,194
0,432
0,431
0,193
0,430
0,429
0,192
0,524
0,325
0,63
0,525
0,324
0,62
0,522
0,323
0,61
0,521
0,321
0,60
0,523
0,478
0,59
0,428
0,320
0,58
0,477
0,319
0,57
0,476
0,318
0,56
0,427
0,317
0,55
0,426
0,425
0,54
0,424
0,423
0,53
0,422
0,316
0,52
0,421
0,315
0,51
0,420
0,314
0,50
0,519
0,313
0,49
0,518
0,312
0,48
0,520
0,311
0,47
0,516
0,309
0,46
0,515
0,306
0,45
0,517
0,301
0,6
0,5
0,1
0,11
0,4
0,2
0,3
0,7
